1001	502	　第１章　謎のテンコウセイ　　	1	
1002	503	　第２章　神器の衝突　　　　　	101	
1003	504	　第３章　バーサーカーズ　　　	102	
1004	505	　第４章　ミッショネルズ　　　	103	
1005	506	　第５章　タイクーンズ~序曲~　	104	
1006	679	　第６章　タイクーンズ　　　　	104	
1007	968	　第７章　ジェノサイダーズ~序章~　　	101	
1008	978	　第８章　ジェノサイダーズ　　	583	
6001	680	　見習いサンタの贈り物　　　　	211	
6002	681	　サロモンくんとお正月　　　　	156	
6003	682	　バレンタインパニック！　　　	238	
6004	683	　黒き雪降る温泉山脈　　　　　	246	
6005	684	　サロモンくんのＧＷ　　　　　	1	
6006	686	　出航！真夏の海洋冒険　　　　	274	
6007	685	　キミと真夏の臨海学校　　　　	294	
6008	969	　ハロウィンなんてこわくない！	331	
6010	970	　ＧｏＧｏ！秘島探険隊　　　　	361	
6011	971	　誕生！聖夜のNEWヒーロー？　	391	
6012	972	　オリエント・ニューイヤー！　	409	
6013	973	　バレンタイン・ジェイル！　　	423	
6014	974	　遙かなるジャンダルム　　　　	466	
6015	975	　仁義なき夏祭大抗争！　　	139	
6016	976	　デザート☆ジャーニー　　　　	541	
6017	977	　開帆！黄金の宝船　　　　	554	
6018	1032	　式典会場への招待　　　　	1	
6019	1061	　池袋クリスマス競争曲　　	604	
6020	1062	　新春！猪武者と厄祓い	612	
6021	1081	　鬼は内！？失恋大工の建築記	616	
6022	1134	　バレンタインフェスタ！	618	
6023	1181	　上野もふもふ夢王国！	670	
8001	682	　バレンタインパニック！　　　	238	
8002	683	　黒き雪降る温泉山脈　　　　　	246	
8003	686	　出航！真夏の海洋冒険　　　　	274	
8004	685	　キミと真夏の臨海学校　　　　	294	
8005	969	　ハロウィンなんてこわくない！	331	
8006	970	　ＧｏＧｏ！秘島探険隊　　　　	361	
8007	971	　誕生！聖夜のNEWヒーロー？　	391	
8008	973	　バレンタイン・ジェイル！　　	423	
8009	974	　遙かなるジャンダルム　　　　	466	
8010	975	　仁義なき夏祭大抗争！　　	139	
8011	976	　デザート☆ジャーニー　　　　	541	
8012	977	　開帆！黄金の宝船　　	554	
8013	1061	　池袋クリスマス競争曲　　	604	
8014	1062	　新春！猪武者と厄祓い	612	
8015	1081	　鬼は内！？失恋大工の建築記	616	
8016	1134	　バレンタインフェスタ！	618	
8017	1181	　上野もふもふ夢王国！	670	
-1	-1	表示なし	-1