1001	10001	
1001	10002	
1002	10003	
1002	10004	
1002	10005	
1002	10006	
1002	10007	
1002	10008	
1002	10009	
1002	10010	
1002	10011	
1002	10012	
1002	10013	
1002	10014	
1002	10015	
1002	10016	
1002	10017	
1002	10018	
1003	10019	
1003	10020	
1003	10021	
1003	10022	
1003	10023	
1003	10024	
1003	10025	
1003	10026	
1003	10027	
1003	10028	
1003	10029	
1003	10030	
1003	10031	
1003	10032	
1003	10033	
1003	10034	
1004	10035	
1004	10036	
1004	10050	
1004	10051	
1004	10052	
1004	10053	
1004	10054	
1004	10055	
1004	10056	
1004	10057	
1004	10058	
1004	10059	
1004	10060	
1004	10061	
1004	10062	
1004	10063	
1005	10064	
1005	10065	
1005	10066	
1005	10067	
1005	10068	
1005	10069	
1005	10070	
1005	10071	
1005	10072	
1005	10073	
1005	10074	
1005	10075	
1005	10076	
1006	10077	
1006	10078	
1006	10079	
1006	10080	
1006	10081	
1006	10082	
1006	10083	
1006	10084	
1006	10085	
1006	10086	
1006	10087	
1006	10088	
1006	10089	
1006	10090	
1006	10091	
1006	10092	
1006	10093	
1006	10094	
1006	10095	
1006	10096	
1006	10097	
1006	10098	
1006	10099	
1006	10100	
1006	10101	
1006	10102	
1006	10103	
1006	10104	
1007	10105	
1007	10106	
1007	10107	
1007	10108	
1007	10109	
1007	10110	
1007	10111	
1007	10112	
1007	10113	
1007	10114	
1007	10115	
1007	10116	
1007	10117	
1007	10118	
1007	10119	
1007	10120	
1007	10121	
1007	10122	
1008	10123	
1008	10124	
1008	10125	
1008	10126	
1008	10127	
1008	10128	
1008	10129	
1008	10130	
1008	10131	
1008	10132	
1008	10133	
1008	10134	
1008	10135	
1008	10136	
1008	10137	
1008	10138	
1008	10139	
1008	10140	
1008	10141	
1008	10142	
1008	10143	
1008	10144	
1008	10145	
1008	10146	
1008	10147	
1008	10148	
1008	10149	
6001	60001	
6001	60002	
6001	60003	
6001	60004	
6001	60005	
6001	60006	
6001	60007	
6001	60008	
6001	60009	
6001	60010	
6001	60011	
6001	60012	
6001	60013	
6001	60014	
6002	60015	
6002	60016	
6003	60017	
6003	60018	
6003	60019	
6003	60020	
6003	60021	
6003	60022	
6003	60023	
6003	60024	
6003	60025	
6003	60026	
6003	60027	
6003	60028	
6003	60029	
6003	60030	
6003	60031	
6003	60032	
6004	60033	
6004	60034	
6004	60035	
6004	60036	
6004	60037	
6004	60038	
6004	60039	
6004	60040	
6004	60041	
6004	60042	
6004	60043	
6004	60044	
6004	60045	
6004	60046	
6004	60047	
6004	60048	
6004	60049	
6004	60050	
6004	60051	
6004	60052	
6004	60053	
6005	60055	
6005	60056	
6005	60057	
6005	60058	
6005	60059	
6005	60060	
6005	60061	
6005	60062	
6005	60063	
6006	60064	
6006	60065	
6006	60066	
6006	60067	
6006	60068	
6006	60069	
6006	60070	
6006	60071	
6006	60072	
6006	60073	
6006	60074	
6006	60075	
6006	60076	
6007	60077	
6007	60078	
6007	60079	
6007	60080	
6007	60081	
6007	60082	
6007	60083	
6007	60084	
6007	60085	
6007	60086	
6007	60087	
6007	60088	
6007	60089	
6007	60090	
6007	60091	
6007	60092	
6008	60094	
6008	60095	
6008	60096	
6008	60097	
6008	60098	
6008	60099	
6008	60100	
6008	60101	
6008	60102	
6008	60103	
6008	60104	
6008	60105	
6008	60106	
6010	60107	
6010	60108	
6010	60109	
6010	60110	
6010	60111	
6010	60112	
6010	60113	
6010	60114	
6010	60115	
6010	60116	
6010	60117	
6010	60118	
6010	60119	
6010	60120	
6010	60121	
6010	60122	
6010	60123	
6011	60124	
6011	60125	
6011	60126	
6011	60127	
6011	60128	
6011	60129	
6011	60130	
6011	60131	
6011	60132	
6011	60133	
6011	60134	
6011	60135	
6011	60136	
6012	60137	
6012	60138	
6012	60139	
6012	60140	
6012	60141	
6012	60142	
6013	60143	
6013	60144	
6013	60145	
6013	60146	
6013	60147	
6013	60148	
6013	60149	
6013	60150	
6013	60151	
6013	60152	
6013	60153	
6013	60154	
6013	60155	
6013	60156	
6013	60157	
6014	60158	
6014	60159	
6014	60160	
6014	60161	
6014	60162	
6014	60163	
6014	60164	
6014	60165	
6014	60166	
6014	60167	
6014	60168	
6014	60169	
6014	60170	
6014	60171	
6014	60172	
6014	60173	
6015	60174	
6015	60175	
6015	60176	
6015	60177	
6015	60178	
6015	60179	
6015	60180	
6015	60181	
6015	60182	
6015	60183	
6015	60184	
6015	60185	
6015	60186	
6015	60187	
6016	60188	
6016	60189	
6016	60190	
6016	60191	
6016	60192	
6016	60193	
6016	60194	
6016	60195	
6016	60196	
6016	60197	
6016	60198	
6016	60199	
6016	60200	
6016	60201	
6016	60202	
6016	60203	
6017	60204	
6017	60205	
6017	60206	
6017	60207	
6017	60208	
6017	60209	
6017	60210	
6017	60211	
6017	60212	
6017	60213	
6017	60214	
6017	60215	
6017	60216	
6017	60217	
6018	60232	
6019	60233	
6019	60234	
6019	60235	
6019	60236	
6019	60237	
6019	60238	
6019	60239	
6019	60240	
6019	60241	
6019	60242	
6019	60243	
6019	60244	
6019	60245	
6019	60246	
6019	60247	
6020	60254	
6020	60255	
6020	60256	
6020	60257	
6020	60258	
6020	60259	
6020	60260	
6020	60261	
6020	60262	
6020	60263	
6021	60264	
6021	60265	
6021	60266	
6021	60267	
6022	60284	
6022	60285	
6022	60286	
6022	60287	
6022	60288	
6022	60289	
6022	60290	
6022	60291	
6022	60292	
6022	60293	
6022	60294	
6022	60295	
6022	60296	
6022	60297	
6023	60298	
6023	60299	
6023	60300	
6023	60301	
6023	60302	
6023	60303	
6023	60304	
6023	60305	
6023	60306	
6023	60307	
6023	60308	
6023	60309	
6023	60310	
6023	60311	
6023	60312	
6023	60313	
8001	80001	
8001	80002	
8001	80003	
8001	80004	
8001	80005	
8001	80006	
8001	80007	
8001	80008	
8001	80009	
8001	80010	
8001	80011	
8001	80012	
8001	80013	
8001	80014	
8001	80015	
8001	80016	
8001	80017	
8001	80018	
8001	80019	
8001	80020	
8001	80021	
8001	80022	
8001	80023	
8001	80024	
8001	80025	
8001	80026	
8001	80027	
8001	80028	
8001	80029	
8001	80030	
8001	80031	
8001	80032	
8001	80033	
8001	80034	
8001	80035	
8001	80036	
8001	80037	
8001	80038	
8001	80039	
8001	80040	
8001	80041	
8001	80042	
8001	80043	
8001	80044	
8001	80045	
8001	80046	
8001	80047	
8001	80048	
8001	80049	
8001	80050	
8001	80051	
8001	80052	
8001	80053	
8001	80054	
8001	80055	
8001	80056	
8002	80057	
8002	80058	
8002	80059	
8002	80060	
8002	80061	
8002	80062	
8002	80063	
8002	80064	
8002	80065	
8002	80066	
8002	80067	
8002	80068	
8002	80069	
8002	80070	
8002	80071	
8003	80072	
8003	80073	
8003	80074	
8003	80075	
8003	80076	
8003	80077	
8004	80078	
8004	80079	
8004	80080	
8004	80081	
8004	80082	
8004	80083	
8004	80084	
8004	80085	
8004	80086	
8004	80087	
8004	80088	
8004	80089	
8004	80090	
8004	80091	
8004	80092	
8004	80093	
8004	80094	
8004	80095	
8004	80096	
8004	80097	
8004	80098	
8004	80099	
8004	80100	
8004	80101	
8004	80102	
8004	80103	
8004	80104	
8004	80105	
8004	80106	
8004	80107	
8004	80108	
8004	80109	
8004	80110	
8004	80111	
8004	80112	
8004	80113	
8004	80114	
8005	80115	
8005	80116	
8005	80117	
8005	80118	
8005	80119	
8005	80120	
8005	80121	
8006	80122	
8006	80123	
8006	80124	
8006	80125	
8006	80126	
8006	80127	
8006	80128	
8007	80129	
8007	80130	
8007	80131	
8007	80132	
8007	80133	
8007	80134	
8008	80135	
8008	80136	
8008	80137	
8008	80138	
8008	80139	
8008	80140	
8008	80141	
8008	80142	
8008	80143	
8008	80144	
8008	80145	
8008	80146	
8008	80147	
8008	80148	
8008	80149	
8008	80150	
8008	80151	
8008	80152	
8008	80153	
8008	80154	
8008	80155	
8008	80156	
8008	80157	
8008	80158	
8008	80159	
8008	80160	
8008	80161	
8008	80162	
8008	80163	
8008	80164	
8008	80165	
8008	80166	
8009	80167	
8009	80168	
8009	80169	
8009	80170	
8009	80171	
8009	80172	
8009	80173	
8009	80174	
8009	80175	
8009	80176	
8009	80177	
8010	80178	
8010	80179	
8010	80180	
8010	80181	
8010	80182	
8010	80183	
8010	80184	
8011	80185	
8011	80186	
8011	80187	
8011	80188	
8011	80189	
8011	80190	
8011	80191	
8011	80192	
8011	80193	
8011	80194	
8012	80195	
8012	80196	
8012	80197	
8012	80198	
8012	80199	
8012	80200	
8012	80201	
8012	80202	
8012	80203	
8012	80204	
8013	80205	
8013	80206	
8013	80207	
8013	80208	
8015	80210	
8015	80211	
8015	80212	
8016	80213	
8016	80214	
8016	80215	
8016	80216	
8016	80217	
8016	80218	
8016	80219	
8016	80220	
8016	80221	
8016	80222	
8016	80223	
8016	80224	
8016	80225	
8016	80226	
8016	80227	
8016	80228	
8016	80229	
8016	80230	
8016	80231	
8016	80232	
8016	80233	
8016	80234	
8016	80235	
8016	80236	
8016	80237	
8016	80238	
8017	80239	
8017	80240	
8017	80241	
8017	80242	
8017	80243	
-1	60218	
-1	60219	
-1	60220	
-1	60221	
-1	60222	
-1	60223	
-1	60224	
-1	60225	
-1	60226	
-1	60227	
-1	60228	
-1	60229	
-1	60230	
-1	60231	
-1	60248	
-1	60249	
-1	60250	
-1	60251	
-1	60252	
-1	60253	
-1	60268	
-1	60269	
-1	60270	
-1	60271	
-1	60272	
-1	60273	
-1	60274	
-1	60275	
-1	60276	
-1	60277	
-1	60278	
-1	60279	
-1	60280	
-1	60281	
-1	60282	
-1	60283	
-1	60314	
-1	60315	
-1	60316	
-1	60317	
-1	60318	
-1	60319	
-1	60320	
-1	60321	
-1	60322	
-1	60323	
-1	60324	
-1	60325	
-1	60326	
-1	60327	
-1	60328	
-1	60329	
-1	60330	
-1	60331	
-1	60332	
-1	60333	
-1	60334	
